RMSE: 0.4997843794407136
MAE: 0.3367607349066569
